place(-1.665, 1.016, -34.915, "Pyromancer", 900)
SetTarget(-1.665, 2.366, -34.915, "Random")
SetTarget(-1.665, 2.366, -34.915, "Farthest")
upgrade(-1.665, 2.366, -34.915, 325)
upgrade(-1.665, 2.366, -34.915, 1000)
upgrade(-1.665, 2.366, -34.915, 1750)
upgrade(-1.665, 2.366, -34.915, 3750)
place(3.223, 1.373, 22.504, "Hunter", 1625)
place(6.729, 1.337, 22.553, "Hunter", 1625)
place(9.736, 1.291, 22.491, "Hunter", 1625)
place(5.296, 1.181, 19.840, "Hunter", 1625)
place(8.617, 0.981, 19.593, "Hunter", 1625)
place(2.269, 1.304, 19.607, "Hunter", 1625)
place(11.732, 1.002, 19.992, "Hunter", 1625)
place(0.185, 1.384, 21.992, "Hunter", 1625)
place(6.773, 0.619, 16.963, "Hunter", 1625)
place(6.745, 0.602, 16.817, "Hunter", 1625)
upgrade(9.736, 2.641, 22.491, 725)
upgrade(6.729, 2.687, 22.553, 725)
upgrade(3.223, 2.723, 22.504, 725)
upgrade(0.185, 2.734, 21.992, 725)
upgrade(2.269, 2.654, 19.607, 725)
upgrade(5.296, 2.531, 19.840, 725)
upgrade(8.617, 2.331, 19.593, 725)
upgrade(11.732, 2.352, 19.992, 725)
upgrade(6.745, 1.952, 16.817, 725)
